r rGm series
5.0000000000e+00 1.4721785604e+00 1.4937500000e+00
5.3593011439e+00 1.4726621261e+00 1.4906507001e+00
5.7444217502e+00 1.4732302367e+00 1.4882151250e+00
6.1572172114e+00 1.4738699628e+00 1.4863396915e+00
6.5996762488e+00 1.4745693160e+00 1.4849354177e+00
7.0739304939e+00 1.4753172480e+00 1.4839259520e+00
7.5822647576e+00 1.4761036394e+00 1.4832458626e+00
8.1271280377e+00 1.4769192802e+00 1.4828391536e+00
8.7111453178e+00 1.4777558430e+00 1.4826579780e+00
9.3371302133e+00 1.4786058494e+00 1.4826615221e+00
1.0008098527e+01 1.4794626323e+00 1.4828150379e+00
1.0727282776e+01 1.4803202928e+00 1.4830890054e+00
1.1498147771e+01 1.4811736562e+00 1.4834584059e+00
1.2324407300e+01 1.4820182243e+00 1.4839020940e+00
1.3210042028e+01 1.4828501279e+00 1.4844022529e+00
1.4159318671e+01 1.4836660783e+00 1.4849439238e+00
1.5176810550e+01 1.4844633195e+00 1.4855145987e+00
1.6267419628e+01 1.4852395812e+00 1.4861038683e+00
1.7436400124e+01 1.4859930332e+00 1.4867031182e+00
1.8689383826e+01 1.4867222416e+00 1.4873052664e+00
2.0032407223e+01 1.4874261269e+00 1.4879045367e+00
2.1471940589e+01 1.4881039248e+00 1.4884962634e+00
2.3014919153e+01 1.4887551490e+00 1.4890767233e+00
2.4668776508e+01 1.4893795567e+00 1.4896429910e+00
2.6441480432e+01 1.4899771166e+00 1.4901928140e+00
2.8341571265e+01 1.4905479797e+00 1.4907245060e+00
3.0378203060e+01 1.4910924523e+00 1.4912368554e+00
3.2561187682e+01 1.4916109717e+00 1.4917290462e+00
3.4901042078e+01 1.4921040840e+00 1.4922005909e+00
3.7409038946e+01 1.4925724248e+00 1.4926512729e+00
4.0097261043e+01 1.4930167009e+00 1.4930810978e+00
4.2978659395e+01 1.4934376752e+00 1.4934902513e+00
4.6067115692e+01 1.4938361526e+00 1.4938790636e+00
4.9377509165e+01 1.4942129680e+00 1.4942479797e+00
5.2925788270e+01 1.4945689756e+00 1.4945975339e+00
5.6729047523e+01 1.4949050403e+00 1.4949283282e+00
6.0805609857e+01 1.4952220292e+00 1.4952410144e+00
6.5175114892e+01 1.4955208055e+00 1.4955362792e+00
6.9858613559e+01 1.4958022229e+00 1.4958148317e+00
7.4878669511e+01 1.4960671206e+00 1.4960773927e+00
8.0259467833e+01 1.4963163198e+00 1.4963246865e+00
8.6026931553e+01 1.4965506207e+00 1.4965574342e+00
9.2208846536e+01 1.4967707998e+00 1.4967763473e+00
9.8834995343e+01 1.4969776081e+00 1.4969821242e+00
1.0593730072e+02 1.4971717701e+00 1.4971754459e+00
1.1354997939e+02 1.4973539822e+00 1.4973569737e+00
1.2170970688e+02 1.4975249129e+00 1.4975273470e+00
1.3045579426e+02 1.4976852018e+00 1.4976871822e+00
1.3983037749e+02 1.4978354600e+00 1.4978370710e+00
1.4987862040e+02 1.4979762703e+00 1.4979775807e+00
1.6064893235e+02 1.4981081875e+00 1.4981092533e+00
1.7219320138e+02 1.4982317389e+00 1.4982326056e+00
1.8456704423e+02 1.4983474249e+00 1.4983481297e+00
1.9783007425e+02 1.4984557202e+00 1.4984562932e+00
2.1204618865e+02 1.4985570739e+00 1.4985575398e+00
2.2728387628e+02 1.4986519110e+00 1.4986522898e+00
2.4361654762e+02 1.4987406331e+00 1.4987409410e+00
2.6112288847e+02 1.4988236192e+00 1.4988238695e+00
2.7988723897e+02 1.4989012268e+00 1.4989014302e+00
3.0000000000e+02 1.4989737930e+00 1.4989739583e+00
