r Gamma
5.0000000000e-01 4.0000000000e+00
5.9899749373e-01 3.9380877743e+00
6.9799498747e-01 3.8833948339e+00
7.9699248120e-01 3.8347280335e+00
8.9598997494e-01 3.7911434236e+00
9.9498746867e-01 3.7518844221e+00
1.0939849624e+00 3.7163375224e+00
1.1929824561e+00 3.6840000000e+00
1.2919799499e+00 3.6544559869e+00
1.3909774436e+00 3.6273584905e+00
1.4899749373e+00 3.6024157020e+00
1.5889724311e+00 3.5793804453e+00
1.6879699248e+00 3.5580419580e+00
1.7869674185e+00 3.5382194244e+00
1.8859649123e+00 3.5197568389e+00
1.9849624060e+00 3.5025188916e+00
2.0839598997e+00 3.4863876472e+00
2.1829573935e+00 3.4712598424e+00
2.2819548872e+00 3.4570446734e+00
2.3809523810e+00 3.4436619717e+00
2.4799498747e+00 3.4310406913e+00
2.5789473684e+00 3.4191176469e+00
2.6779448622e+00 3.4078364564e+00
2.7769423559e+00 3.3971466488e+00
2.8759398496e+00 3.3870029096e+00
2.9749373434e+00 3.3773644386e+00
3.0739348371e+00 3.3681944014e+00
3.1729323308e+00 3.3594594591e+00
3.2719298246e+00 3.3511293631e+00
3.3709273183e+00 3.3431766051e+00
3.4699248120e+00 3.3355761139e+00
3.5689223058e+00 3.3283049913e+00
3.6679197995e+00 3.3213422813e+00
3.7669172932e+00 3.3146687690e+00
3.8659147870e+00 3.3082668033e+00
3.9649122807e+00 3.3021201405e+00
4.0639097744e+00 3.2962138075e+00
4.1629072682e+00 3.2905339795e+00
4.2619047619e+00 3.2850678721e+00
4.3609022556e+00 3.2798036452e+00
4.4598997494e+00 3.2747303174e+00
4.5588972431e+00 3.2698376898e+00
4.6578947368e+00 3.2651162770e+00
4.7568922306e+00 3.2605572463e+00
4.8558897243e+00 3.2561523621e+00
4.9548872180e+00 3.2518939365e+00
5.0538847118e+00 3.2477747845e+00
5.1528822055e+00 3.2437881837e+00
5.2518796992e+00 3.2399278371e+00
5.3508771930e+00 3.2361878406e+00
5.4498746867e+00 3.2325626526e+00
5.5488721805e+00 3.2290470664e+00
5.6478696742e+00 3.2256361855e+00
5.7468671679e+00 3.2223254010e+00
5.8458646617e+00 3.2191103704e+00
5.9448621554e+00 3.2159869987e+00
6.0438596491e+00 3.2129514213e+00
6.1428571429e+00 3.2099999879e+00
6.2418546366e+00 3.2071292475e+00
6.3408521303e+00 3.2043359355e+00
6.4398496241e+00 3.2016169610e+00
6.5388471178e+00 3.1989693955e+00
6.6378446115e+00 3.1963904622e+00
6.7368421053e+00 3.1938775266e+00
6.8358395990e+00 3.1914280871e+00
6.9348370927e+00 3.1890397670e+00
7.0338345865e+00 3.1867103070e+00
7.1328320802e+00 3.1844375575e+00
7.2318295739e+00 3.1822194723e+00
7.3308270677e+00 3.1800541027e+00
7.4298245614e+00 3.1779395914e+00
7.5288220551e+00 3.1758741671e+00
7.6278195489e+00 3.1738561402e+00
7.7268170426e+00 3.1718838974e+00
7.8258145363e+00 3.1699558980e+00
7.9248120301e+00 3.1680706695e+00
8.0238095238e+00 3.1662268040e+00
8.1228070175e+00 3.1644229549e+00
8.2218045113e+00 3.1626578331e+00
8.3208020050e+00 3.1609302045e+00
8.4197994987e+00 3.1592388866e+00
8.5187969925e+00 3.1575827463e+00
8.6177944862e+00 3.1559606969e+00
8.7167919799e+00 3.1543716962e+00
8.8157894737e+00 3.1528147438e+00
8.9147869674e+00 3.1512888792e+00
9.0137844612e+00 3.1497931799e+00
9.1127819549e+00 3.1483267596e+00
9.2117794486e+00 3.1468887659e+00
9.3107769424e+00 3.1454783795e+00
9.4097744361e+00 3.1440948120e+00
9.5087719298e+00 3.1427373045e+00
9.6077694236e+00 3.1414051264e+00
9.7067669173e+00 3.1400975742e+00
9.8057644110e+00 3.1388139697e+00
9.9047619048e+00 3.1375536595e+00
1.0003759398e+01 3.1363160134e+00
1.0102756892e+01 3.1351004235e+00
1.0201754386e+01 3.1339063031e+00
1.0300751880e+01 3.1327330862e+00
1.0399749373e+01 3.1315802257e+00
1.0498746867e+01 3.1304471934e+00
1.0597744361e+01 3.1293334788e+00
1.0696741855e+01 3.1282385883e+00
1.0795739348e+01 3.1271620445e+00
1.0894736842e+01 3.1261033854e+00
1.0993734336e+01 3.1250621639e+00
1.1092731830e+01 3.1240379470e+00
1.1191729323e+01 3.1230303151e+00
1.1290726817e+01 3.1220388615e+00
1.1389724311e+01 3.1210631920e+00
1.1488721805e+01 3.1201029237e+00
1.1587719298e+01 3.1191576852e+00
1.1686716792e+01 3.1182271156e+00
1.1785714286e+01 3.1173108642e+00
1.1884711779e+01 3.1164085895e+00
1.1983709273e+01 3.1155199595e+00
1.2082706767e+01 3.1146446506e+00
1.2181704261e+01 3.1137823471e+00
1.2280701754e+01 3.1129327411e+00
1.2379699248e+01 3.1120955316e+00
1.2478696742e+01 3.1112704241e+00
1.2577694236e+01 3.1104571304e+00
1.2676691729e+01 3.1096553676e+00
1.2775689223e+01 3.1088648579e+00
1.2874686717e+01 3.1080853278e+00
1.2973684211e+01 3.1073165078e+00
1.3072681704e+01 3.1065581316e+00
1.3171679198e+01 3.1058099356e+00
1.3270676692e+01 3.1050716581e+00
1.3369674185e+01 3.1043430388e+00
1.3468671679e+01 3.1036238180e+00
1.3567669173e+01 3.1029137355e+00
1.3666666667e+01 3.1022125302e+00
1.3765664160e+01 3.1015199389e+00
1.3864661654e+01 3.1008356955e+00
1.3963659148e+01 3.1001595295e+00
1.4062656642e+01 3.0994911656e+00
1.4161654135e+01 3.0988303216e+00
1.4260651629e+01 3.0981767073e+00
1.4359649123e+01 3.0975300233e+00
1.4458646617e+01 3.0968899587e+00
1.4557644110e+01 3.0962561899e+00
1.4656641604e+01 3.0956283779e+00
1.4755639098e+01 3.0950061667e+00
1.4854636591e+01 3.0943891802e+00
1.4953634085e+01 3.0937770199e+00
1.5052631579e+01 3.0931692619e+00
1.5151629073e+01 3.0925654531e+00
1.5250626566e+01 3.0919651081e+00
1.5349624060e+01 3.0913677045e+00
1.5448621554e+01 3.0907726791e+00
1.5547619048e+01 3.0901794221e+00
1.5646616541e+01 3.0895872721e+00
1.5745614035e+01 3.0889955097e+00
1.5844611529e+01 3.0884033509e+00
1.5943609023e+01 3.0878099392e+00
1.6042606516e+01 3.0872143378e+00
1.6141604010e+01 3.0866155198e+00
1.6240601504e+01 3.0860123580e+00
1.6339598997e+01 3.0854036140e+00
1.6438596491e+01 3.0847879253e+00
1.6537593985e+01 3.0841637913e+00
1.6636591479e+01 3.0835295581e+00
1.6735588972e+01 3.0828834014e+00
1.6834586466e+01 3.0822233080e+00
1.6933583960e+01 3.0815470543e+00
1.7032581454e+01 3.0808521840e+00
1.7131578947e+01 3.0801359825e+00
1.7230576441e+01 3.0793954490e+00
1.7329573935e+01 3.0786272657e+00
1.7428571429e+01 3.0778277638e+00
1.7527568922e+01 3.0769928865e+00
1.7626566416e+01 3.0761181476e+00
1.7725563910e+01 3.0751985870e+00
1.7824561404e+01 3.0742287214e+00
1.7923558897e+01 3.0732024903e+00
1.8022556391e+01 3.0721131975e+00
1.8121553885e+01 3.0709534470e+00
1.8220551378e+01 3.0697150735e+00
1.8319548872e+01 3.0683890675e+00
1.8418546366e+01 3.0669654936e+00
1.8517543860e+01 3.0654334033e+00
1.8616541353e+01 3.0637807416e+00
1.8715538847e+01 3.0619942467e+00
1.8814536341e+01 3.0600593451e+00
1.8913533835e+01 3.0579600395e+00
1.9012531328e+01 3.0556787936e+00
1.9111528822e+01 3.0531964117e+00
1.9210526316e+01 3.0504919165e+00
1.9309523810e+01 3.0475424264e+00
1.9408521303e+01 3.0443230344e+00
1.9507518797e+01 3.0408066921e+00
1.9606516291e+01 3.0369641024e+00
1.9705513784e+01 3.0327636265e+00
1.9804511278e+01 3.0281712099e+00
1.9903508772e+01 3.0231503355e+00
2.0002506266e+01 3.0176620107e+00
2.0101503759e+01 3.0116648006e+00
2.0200501253e+01 3.0051149146e+00
2.0299498747e+01 2.9979663618e+00
2.0398496241e+01 2.9901711868e+00
2.0497493734e+01 2.9816798003e+00
2.0596491228e+01 2.9724414190e+00
2.0695488722e+01 2.9624046289e+00
2.0794486216e+01 2.9515180850e+00
2.0893483709e+01 2.9397313576e+00
2.0992481203e+01 2.9269959323e+00
2.1091478697e+01 2.9132663650e+00
2.1190476190e+01 2.8985015851e+00
2.1289473684e+01 2.8826663333e+00
2.1388471178e+01 2.8657327060e+00
2.1487468672e+01 2.8476817700e+00
2.1586466165e+01 2.8285051939e+00
2.1685463659e+01 2.8082068327e+00
2.1784461153e+01 2.7868041894e+00
2.1883458647e+01 2.7643296671e+00
2.1982456140e+01 2.7408315229e+00
2.2081453634e+01 2.7163744341e+00
2.2180451128e+01 2.6910395973e+00
2.2279448622e+01 2.6649242967e+00
2.2378446115e+01 2.6381409017e+00
2.2477443609e+01 2.6108152858e+00
2.2576441103e+01 2.5830846928e+00
2.2675438596e+01 2.5550951145e+00
2.2774436090e+01 2.5269982778e+00
2.2873433584e+01 2.4989483703e+00
2.2972431078e+01 2.4710986505e+00
2.3071428571e+01 2.4435981020e+00
2.3170426065e+01 2.4165882839e+00
2.3269423559e+01 2.3902005167e+00
2.3368421053e+01 2.3645535162e+00
2.3467418546e+01 2.3397515543e+00
2.3566416040e+01 2.3158831935e+00
2.3665413534e+01 2.2930205972e+00
2.3764411028e+01 2.2712193948e+00
2.3863408521e+01 2.2505190443e+00
2.3962406015e+01 2.2309436202e+00
2.4061403509e+01 2.2125029417e+00
2.4160401003e+01 2.1951939501e+00
2.4259398496e+01 2.1790022478e+00
2.4358395990e+01 2.1639037178e+00
2.4457393484e+01 2.1498661533e+00
2.4556390977e+01 2.1368508408e+00
2.4655388471e+01 2.1248140500e+00
2.4754385965e+01 2.1137084022e+00
2.4853383459e+01 2.1034840940e+00
2.4952380952e+01 2.0940899687e+00
2.5051378446e+01 2.0854744329e+00
2.5150375940e+01 2.0775862219e+00
2.5249373434e+01 2.0703750245e+00
2.5348370927e+01 2.0637919776e+00
2.5447368421e+01 2.0577900457e+00
2.5546365915e+01 2.0523242978e+00
2.5645363409e+01 2.0473520986e+00
2.5744360902e+01 2.0428332254e+00
2.5843358396e+01 2.0387299242e+00
2.5942355890e+01 2.0350069170e+00
2.6041353383e+01 2.0316313694e+00
2.6140350877e+01 2.0285728290e+00
2.6239348371e+01 2.0258031398e+00
2.6338345865e+01 2.0232963410e+00
2.6437343358e+01 2.0210285553e+00
2.6536340852e+01 2.0189778694e+00
2.6635338346e+01 2.0171242118e+00
2.6734335840e+01 2.0154492305e+00
2.6833333333e+01 2.0139361719e+00
2.6932330827e+01 2.0125697626e+00
2.7031328321e+01 2.0113360966e+00
2.7130325815e+01 2.0102225265e+00
2.7229323308e+01 2.0092175616e+00
2.7328320802e+01 2.0083107712e+00
2.7427318296e+01 2.0074926946e+00
2.7526315789e+01 2.0067547571e+00
2.7625313283e+01 2.0060891917e+00
2.7724310777e+01 2.0054889676e+00
2.7823308271e+01 2.0049477234e+00
2.7922305764e+01 2.0044597060e+00
2.8021303258e+01 2.0040197147e+00
2.8120300752e+01 2.0036230500e+00
2.8219298246e+01 2.0032654666e+00
2.8318295739e+01 2.0029431304e+00
2.8417293233e+01 2.0026525800e+00
2.8516290727e+01 2.0023906911e+00
2.8615288221e+01 2.0021546440e+00
2.8714285714e+01 2.0019418948e+00
2.8813283208e+01 2.0017501483e+00
2.8912280702e+01 2.0015773346e+00
2.9011278195e+01 2.0014215865e+00
2.9110275689e+01 2.0012812207e+00
2.9209273183e+01 2.0011547191e+00
2.9308270677e+01 2.0010407131e+00
2.9407268170e+01 2.0009379688e+00
2.9506265664e+01 2.0008453740e+00
2.9605263158e+01 2.0007619262e+00
2.9704260652e+01 2.0006867216e+00
2.9803258145e+01 2.0006189459e+00
2.9902255639e+01 2.0005578648e+00
3.0001253133e+01 2.0005028169e+00
3.0100250627e+01 2.0004532059e+00
3.0199248120e+01 2.0004084946e+00
3.0298245614e+01 2.0003681985e+00
3.0397243108e+01 2.0003318816e+00
3.0496240602e+01 2.0002991504e+00
3.0595238095e+01 2.0002696507e+00
3.0694235589e+01 2.0002430631e+00
3.0793233083e+01 2.0002190999e+00
3.0892230576e+01 2.0001975017e+00
3.0991228070e+01 2.0001780351e+00
3.1090225564e+01 2.0001604892e+00
3.1189223058e+01 2.0001446746e+00
3.1288220551e+01 2.0001304200e+00
3.1387218045e+01 2.0001175716e+00
3.1486215539e+01 2.0001059903e+00
3.1585213033e+01 2.0000955512e+00
3.1684210526e+01 2.0000861414e+00
3.1783208020e+01 2.0000776593e+00
3.1882205514e+01 2.0000700134e+00
3.1981203008e+01 2.0000631212e+00
3.2080200501e+01 2.0000569081e+00
3.2179197995e+01 2.0000513074e+00
3.2278195489e+01 2.0000462585e+00
3.2377192982e+01 2.0000417069e+00
3.2476190476e+01 2.0000376038e+00
3.2575187970e+01 2.0000339047e+00
3.2674185464e+01 2.0000305700e+00
3.2773182957e+01 2.0000275636e+00
3.2872180451e+01 2.0000248532e+00
3.2971177945e+01 2.0000224096e+00
3.3070175439e+01 2.0000202065e+00
3.3169172932e+01 2.0000182203e+00
3.3268170426e+01 2.0000164295e+00
3.3367167920e+01 2.0000148149e+00
3.3466165414e+01 2.0000133592e+00
3.3565162907e+01 2.0000120466e+00
3.3664160401e+01 2.0000108632e+00
3.3763157895e+01 2.0000097961e+00
3.3862155388e+01 2.0000088340e+00
3.3961152882e+01 2.0000079665e+00
3.4060150376e+01 2.0000071842e+00
3.4159147870e+01 2.0000064789e+00
3.4258145363e+01 2.0000058428e+00
3.4357142857e+01 2.0000052693e+00
3.4456140351e+01 2.0000047521e+00
3.4555137845e+01 2.0000042858e+00
3.4654135338e+01 2.0000038652e+00
3.4753132832e+01 2.0000034860e+00
3.4852130326e+01 2.0000031440e+00
3.4951127820e+01 2.0000028356e+00
3.5050125313e+01 2.0000025575e+00
3.5149122807e+01 2.0000023067e+00
3.5248120301e+01 2.0000020805e+00
3.5347117794e+01 2.0000018765e+00
3.5446115288e+01 2.0000016925e+00
3.5545112782e+01 2.0000015266e+00
3.5644110276e+01 2.0000013770e+00
3.5743107769e+01 2.0000012420e+00
3.5842105263e+01 2.0000011203e+00
3.5941102757e+01 2.0000010105e+00
3.6040100251e+01 2.0000009115e+00
3.6139097744e+01 2.0000008222e+00
3.6238095238e+01 2.0000007417e+00
3.6337092732e+01 2.0000006690e+00
3.6436090226e+01 2.0000006035e+00
3.6535087719e+01 2.0000005444e+00
3.6634085213e+01 2.0000004911e+00
3.6733082707e+01 2.0000004430e+00
3.6832080201e+01 2.0000003996e+00
3.6931077694e+01 2.0000003605e+00
3.7030075188e+01 2.0000003252e+00
3.7129072682e+01 2.0000002934e+00
3.7228070175e+01 2.0000002647e+00
3.7327067669e+01 2.0000002388e+00
3.7426065163e+01 2.0000002154e+00
3.7525062657e+01 2.0000001944e+00
3.7624060150e+01 2.0000001753e+00
3.7723057644e+01 2.0000001582e+00
3.7822055138e+01 2.0000001427e+00
3.7921052632e+01 2.0000001288e+00
3.8020050125e+01 2.0000001162e+00
3.8119047619e+01 2.0000001048e+00
3.8218045113e+01 2.0000000946e+00
3.8317042607e+01 2.0000000853e+00
3.8416040100e+01 2.0000000770e+00
3.8515037594e+01 2.0000000695e+00
3.8614035088e+01 2.0000000627e+00
3.8713032581e+01 2.0000000565e+00
3.8812030075e+01 2.0000000510e+00
3.8911027569e+01 2.0000000460e+00
3.9010025063e+01 2.0000000415e+00
3.9109022556e+01 2.0000000375e+00
3.9208020050e+01 2.0000000338e+00
3.9307017544e+01 2.0000000305e+00
3.9406015038e+01 2.0000000275e+00
3.9505012531e+01 2.0000000248e+00
3.9604010025e+01 2.0000000224e+00
3.9703007519e+01 2.0000000202e+00
3.9802005013e+01 2.0000000183e+00
3.9901002506e+01 2.0000000165e+00
4.0000000000e+01 2.0000000149e+00
